Warning on use of the timeseries module: If the inherent timescales of the system are long compared to those being analyzed, this statistical inefficiency may be an underestimate.  The estimate presumes the use of many statistically independent samples.  Tests should be performed to assess whether this condition is satisfied.   Be cautious in the interpretation of the data.
systems/AVX101118_0
Opening NetCDF trajectory file 'systems/AVX101118_0/solvent.nc' for reading...
dimensions:
       iteration      636
         replica        5
            atom       65
         spatial        3
          scalar        1
Read 636 iterations, 5 states
Reading energies...
Done.
Deconvoluting replicas...
Done.
[0, 529.29419]
Cumulative symmetrized state mixing transition matrix:
            0      1      2      3      4 
0       0.989                             
1              0.343  0.200  0.235  0.217 
2              0.200  0.291  0.259  0.249 
3              0.235  0.259  0.260  0.241 
4              0.217  0.249  0.241  0.293 
Perron eigenvalue is   0.98624; state equilibration timescale is ~ 72.7 iterations
Reading energies...
Done.
Deconvoluting replicas...
Done.
number of uncorrelated samples:
[499 499 499 499 499]

Computing free energy differences...

Warning: states 2 and 3 have the same energies on the dataset.
They are therefore likely to to be the same thermodynamic state.  This can occasionally cause
numerical problems with computing the covariance of their energy difference, which must be
identically zero in any case. Consider combining them into a single state.


Warning: states 2 and 4 have the same energies on the dataset.
They are therefore likely to to be the same thermodynamic state.  This can occasionally cause
numerical problems with computing the covariance of their energy difference, which must be
identically zero in any case. Consider combining them into a single state.


Warning: states 3 and 4 have the same energies on the dataset.
They are therefore likely to to be the same thermodynamic state.  This can occasionally cause
numerical problems with computing the covariance of their energy difference, which must be
identically zero in any case. Consider combining them into a single state.

Computing covariance matrix...
Deltaf_ij:
   0.000   73.552   86.591   86.591   86.591 
 -73.552    0.000   13.040   13.040   13.040 
 -86.591  -13.040    0.000    0.000    0.000 
 -86.591  -13.040    0.000    0.000    0.000 
 -86.591  -13.040    0.000    0.000    0.000 
dDeltaf_ij:
   0.000    0.172    0.177    0.177    0.177 
   0.172    0.000    0.016    0.016    0.016 
   0.177    0.016    0.000    0.000    0.000 
   0.177    0.016    0.000    0.000    0.000 
   0.177    0.016    0.000    0.000    0.000 
Reading energies...
Done.
Deconvoluting replicas...
Done.
number of uncorrelated samples:
[499 499 499 499 499]

Opening NetCDF trajectory file 'systems/AVX101118_0/complex.nc' for reading...
dimensions:
       iteration     3095
         replica       28
            atom     5653
         spatial        3
          scalar        1
Read 3095 iterations, 28 states
Reading energies...
Done.
Deconvoluting replicas...
Done.
[2770, 251.26556]
Cumulative symmetrized state mixing transition matrix:
            0      1      2      3      4      5      6      7      8      9     10     11     12     13     14     15     16     17     18     19     20     21     22     23     24     25     26     27 
0       0.346  0.309  0.315                                                                                                                                                                                
1       0.309  0.330  0.340                                                                                                                                                                                
2       0.315  0.340  0.318                                                                                                                                                                                
3                            0.549  0.256  0.088                                                                                                                                                           
4                            0.256  0.389  0.193  0.116                                                                                                                                                    
5                            0.088  0.193  0.377  0.213  0.080                                                                                                                                             
6                                   0.116  0.213  0.278  0.210  0.123                                                                                                                                      
7                                          0.080  0.210  0.293  0.225  0.090                                                                                                                               
8                                                 0.123  0.225  0.302  0.170  0.094                                                                                                                        
9                                                        0.090  0.170  0.349  0.264  0.073                                                                                                                 
10                                                              0.094  0.264  0.469  0.105                                                                                                                 
11                                                                     0.073  0.105  0.423  0.211  0.128                                                                                                   
12                                                                                   0.211  0.386  0.275  0.068                                                                                            
13                                                                                   0.128  0.275  0.395  0.148                                                                                            
14                                                                                          0.068  0.148  0.512  0.204                                                                                     
15                                                                                                        0.204  0.500  0.185                                                                              
16                                                                                                               0.185  0.435  0.165  0.110  0.051                                                         
17                                                                                                                      0.165  0.321  0.252  0.160                                                         
18                                                                                                                      0.110  0.252  0.256  0.273  0.060                                                  
19                                                                                                                      0.051  0.160  0.273  0.278  0.160                                                  
20                                                                                                                                    0.060  0.160  0.426  0.225  0.073                                    
21                                                                                                                                                  0.225  0.417  0.241                                    
22                                                                                                                                                  0.073  0.241  0.531  0.123                             
23                                                                                                                                                                0.123  0.784  0.051                      
24                                                                                                                                                                       0.051  0.790         0.056  0.054 
25                                                                                                                                                                                     0.349  0.284  0.324 
26                                                                                                                                                                              0.056  0.284  0.361  0.296 
27                                                                                                                                                                              0.054  0.324  0.296  0.324 
Perron eigenvalue is   0.99349; state equilibration timescale is ~ 153.7 iterations
Reading energies...
Done.
Deconvoluting replicas...
Done.
number of uncorrelated samples:
[197 197 197 197 197 197 197 197 197 197 197 197 197 197 197 197 197 197
 197 197 197 197 197 197 197 197 197 197]

Computing free energy differences...

Warning: states 0 and 1 have the same energies on the dataset.
They are therefore likely to to be the same thermodynamic state.  This can occasionally cause
numerical problems with computing the covariance of their energy difference, which must be
identically zero in any case. Consider combining them into a single state.


Warning: states 0 and 2 have the same energies on the dataset.
They are therefore likely to to be the same thermodynamic state.  This can occasionally cause
numerical problems with computing the covariance of their energy difference, which must be
identically zero in any case. Consider combining them into a single state.


Warning: states 1 and 2 have the same energies on the dataset.
They are therefore likely to to be the same thermodynamic state.  This can occasionally cause
numerical problems with computing the covariance of their energy difference, which must be
identically zero in any case. Consider combining them into a single state.


Warning: states 25 and 26 have the same energies on the dataset.
They are therefore likely to to be the same thermodynamic state.  This can occasionally cause
numerical problems with computing the covariance of their energy difference, which must be
identically zero in any case. Consider combining them into a single state.


Warning: states 25 and 27 have the same energies on the dataset.
They are therefore likely to to be the same thermodynamic state.  This can occasionally cause
numerical problems with computing the covariance of their energy difference, which must be
identically zero in any case. Consider combining them into a single state.


Warning: states 26 and 27 have the same energies on the dataset.
They are therefore likely to to be the same thermodynamic state.  This can occasionally cause
numerical problems with computing the covariance of their energy difference, which must be
identically zero in any case. Consider combining them into a single state.

Computing covariance matrix...
Deltaf_ij:
   0.000    0.000    0.000   19.997   34.252   45.960   55.828   64.033   70.441   76.375   69.855   75.500   78.090   80.512   84.974   88.984   92.725   96.228   97.920   99.557  102.595  105.283  107.636  111.436  115.594  115.360  115.360  115.360 
   0.000    0.000    0.000   19.997   34.252   45.960   55.828   64.033   70.441   76.375   69.855   75.500   78.090   80.512   84.974   88.984   92.725   96.228   97.920   99.557  102.595  105.283  107.636  111.436  115.594  115.360  115.360  115.360 
   0.000    0.000    0.000   19.997   34.252   45.960   55.828   64.033   70.441   76.375   69.855   75.500   78.090   80.512   84.974   88.984   92.725   96.228   97.920   99.557  102.595  105.283  107.636  111.436  115.594  115.360  115.360  115.360 
 -19.997  -19.997  -19.997    0.000   14.255   25.964   35.831   44.036   50.444   56.378   49.859   55.503   58.093   60.515   64.977   68.987   72.728   76.231   77.923   79.560   82.598   85.286   87.639   91.439   95.597   95.363   95.363   95.363 
 -34.252  -34.252  -34.252  -14.255    0.000   11.709   21.576   29.781   36.189   42.123   35.604   41.248   43.839   46.260   50.722   54.732   58.473   61.977   63.668   65.305   68.343   71.031   73.384   77.184   81.343   81.108   81.108   81.108 
 -45.960  -45.960  -45.960  -25.964  -11.709    0.000    9.867   18.072   24.481   30.414   23.895   29.539   32.130   34.551   39.013   43.023   46.765   50.268   51.960   53.596   56.634   59.323   61.676   65.475   69.634   69.399   69.399   69.399 
 -55.828  -55.828  -55.828  -35.831  -21.576   -9.867    0.000    8.205   14.613   20.547   14.028   19.672   22.263   24.684   29.146   33.156   36.898   40.401   42.093   43.729   46.767   49.456   51.808   55.608   59.767   59.532   59.532   59.532 
 -64.033  -64.033  -64.033  -44.036  -29.781  -18.072   -8.205    0.000    6.408   12.342    5.823   11.467   14.058   16.479   20.941   24.951   28.692   32.196   33.888   35.524   38.562   41.250   43.603   47.403   51.562   51.327   51.327   51.327 
 -70.441  -70.441  -70.441  -50.444  -36.189  -24.481  -14.613   -6.408    0.000    5.934   -0.586    5.059    7.649   10.071   14.533   18.542   22.284   25.787   27.479   29.116   32.154   34.842   37.195   40.995   45.153   44.919   44.919   44.919 
 -76.375  -76.375  -76.375  -56.378  -42.123  -30.414  -20.547  -12.342   -5.934    0.000   -6.519   -0.875    1.715    4.137    8.599   12.609   16.350   19.854   21.545   23.182   26.220   28.908   31.261   35.061   39.219   38.985   38.985   38.985 
 -69.855  -69.855  -69.855  -49.859  -35.604  -23.895  -14.028   -5.823    0.586    6.519    0.000    5.644    8.235   10.657   15.118   19.128   22.870   26.373   28.065   29.702   32.739   35.428   37.781   41.580   45.739   45.504   45.504   45.504 
 -75.500  -75.500  -75.500  -55.503  -41.248  -29.539  -19.672  -11.467   -5.059    0.875   -5.644    0.000    2.591    5.012    9.474   13.484   17.225   20.729   22.421   24.057   27.095   29.783   32.136   35.936   40.095   39.860   39.860   39.860 
 -78.090  -78.090  -78.090  -58.093  -43.839  -32.130  -22.263  -14.058   -7.649   -1.715   -8.235   -2.591    0.000    2.422    6.884   10.893   14.635   18.138   19.830   21.467   24.505   27.193   29.546   33.345   37.504   37.270   37.270   37.270 
 -80.512  -80.512  -80.512  -60.515  -46.260  -34.551  -24.684  -16.479  -10.071   -4.137  -10.657   -5.012   -2.422    0.000    4.462    8.472   12.213   15.716   17.408   19.045   22.083   24.771   27.124   30.924   35.082   34.848   34.848   34.848 
 -84.974  -84.974  -84.974  -64.977  -50.722  -39.013  -29.146  -20.941  -14.533   -8.599  -15.118   -9.474   -6.884   -4.462    0.000    4.010    7.751   11.255   12.946   14.583   17.621   20.309   22.662   26.462   30.620   30.386   30.386   30.386 
 -88.984  -88.984  -88.984  -68.987  -54.732  -43.023  -33.156  -24.951  -18.542  -12.609  -19.128  -13.484  -10.893   -8.472   -4.010    0.000    3.742    7.245    8.937   10.573   13.611   16.300   18.653   22.452   26.611   26.376   26.376   26.376 
 -92.725  -92.725  -92.725  -72.728  -58.473  -46.765  -36.898  -28.692  -22.284  -16.350  -22.870  -17.225  -14.635  -12.213   -7.751   -3.742    0.000    3.503    5.195    6.832    9.870   12.558   14.911   18.711   22.869   22.635   22.635   22.635 
 -96.228  -96.228  -96.228  -76.231  -61.977  -50.268  -40.401  -32.196  -25.787  -19.854  -26.373  -20.729  -18.138  -15.716  -11.255   -7.245   -3.503    0.000    1.692    3.329    6.366    9.055   11.408   15.207   19.366   19.131   19.131   19.131 
 -97.920  -97.920  -97.920  -77.923  -63.668  -51.960  -42.093  -33.888  -27.479  -21.545  -28.065  -22.421  -19.830  -17.408  -12.946   -8.937   -5.195   -1.692    0.000    1.637    4.675    7.363    9.716   13.516   17.674   17.440   17.440   17.440 
 -99.557  -99.557  -99.557  -79.560  -65.305  -53.596  -43.729  -35.524  -29.116  -23.182  -29.702  -24.057  -21.467  -19.045  -14.583  -10.573   -6.832   -3.329   -1.637    0.000    3.038    5.726    8.079   11.879   16.037   15.803   15.803   15.803 
-102.595 -102.595 -102.595  -82.598  -68.343  -56.634  -46.767  -38.562  -32.154  -26.220  -32.739  -27.095  -24.505  -22.083  -17.621  -13.611   -9.870   -6.366   -4.675   -3.038    0.000    2.688    5.041    8.841   12.999   12.765   12.765   12.765 
-105.283 -105.283 -105.283  -85.286  -71.031  -59.323  -49.456  -41.250  -34.842  -28.908  -35.428  -29.783  -27.193  -24.771  -20.309  -16.300  -12.558   -9.055   -7.363   -5.726   -2.688    0.000    2.353    6.153   10.311   10.077   10.077   10.077 
-107.636 -107.636 -107.636  -87.639  -73.384  -61.676  -51.808  -43.603  -37.195  -31.261  -37.781  -32.136  -29.546  -27.124  -22.662  -18.653  -14.911  -11.408   -9.716   -8.079   -5.041   -2.353    0.000    3.800    7.958    7.724    7.724    7.724 
-111.436 -111.436 -111.436  -91.439  -77.184  -65.475  -55.608  -47.403  -40.995  -35.061  -41.580  -35.936  -33.345  -30.924  -26.462  -22.452  -18.711  -15.207  -13.516  -11.879   -8.841   -6.153   -3.800    0.000    4.159    3.924    3.924    3.924 
-115.594 -115.594 -115.594  -95.597  -81.343  -69.634  -59.767  -51.562  -45.153  -39.219  -45.739  -40.095  -37.504  -35.082  -30.620  -26.611  -22.869  -19.366  -17.674  -16.037  -12.999  -10.311   -7.958   -4.159    0.000   -0.234   -0.234   -0.234 
-115.360 -115.360 -115.360  -95.363  -81.108  -69.399  -59.532  -51.327  -44.919  -38.985  -45.504  -39.860  -37.270  -34.848  -30.386  -26.376  -22.635  -19.131  -17.440  -15.803  -12.765  -10.077   -7.724   -3.924    0.234    0.000    0.000    0.000 
-115.360 -115.360 -115.360  -95.363  -81.108  -69.399  -59.532  -51.327  -44.919  -38.985  -45.504  -39.860  -37.270  -34.848  -30.386  -26.376  -22.635  -19.131  -17.440  -15.803  -12.765  -10.077   -7.724   -3.924    0.234    0.000    0.000    0.000 
-115.360 -115.360 -115.360  -95.363  -81.108  -69.399  -59.532  -51.327  -44.919  -38.985  -45.504  -39.860  -37.270  -34.848  -30.386  -26.376  -22.635  -19.131  -17.440  -15.803  -12.765  -10.077   -7.724   -3.924    0.234    0.000    0.000    0.000 
dDeltaf_ij:
   0.000    0.000    0.000    0.105    0.141    0.154    0.165    0.174    0.182    0.194    0.200    0.208    0.216    0.225    0.244    0.263    0.278    0.289    0.293    0.297    0.305    0.314    0.323    0.342    0.378    0.401    0.401    0.401 
   0.000    0.000    0.000    0.105    0.141    0.154    0.165    0.174    0.182    0.194    0.200    0.208    0.216    0.225    0.244    0.263    0.278    0.289    0.293    0.297    0.305    0.314    0.323    0.342    0.378    0.401    0.401    0.401 
   0.000    0.000    0.000    0.105    0.141    0.154    0.165    0.174    0.182    0.194    0.200    0.208    0.216    0.225    0.244    0.263    0.278    0.289    0.293    0.297    0.305    0.314    0.323    0.342    0.378    0.401    0.401    0.401 
   0.105    0.105    0.105    0.000    0.054    0.080    0.100    0.115    0.126    0.143    0.151    0.161    0.172    0.183    0.206    0.228    0.245    0.258    0.262    0.266    0.275    0.285    0.295    0.315    0.354    0.379    0.379    0.379 
   0.141    0.141    0.141    0.054    0.000    0.036    0.066    0.086    0.101    0.121    0.131    0.142    0.154    0.166    0.191    0.215    0.233    0.246    0.251    0.255    0.265    0.275    0.285    0.306    0.346    0.371    0.371    0.371 
   0.154    0.154    0.154    0.080    0.036    0.000    0.034    0.061    0.080    0.104    0.115    0.128    0.141    0.154    0.181    0.206    0.224    0.238    0.243    0.248    0.257    0.268    0.278    0.300    0.340    0.366    0.366    0.366 
   0.165    0.165    0.165    0.100    0.066    0.034    0.000    0.030    0.055    0.085    0.098    0.113    0.128    0.142    0.170    0.197    0.216    0.231    0.236    0.240    0.250    0.261    0.271    0.294    0.335    0.361    0.361    0.361 
   0.174    0.174    0.174    0.115    0.086    0.061    0.030    0.000    0.028    0.065    0.081    0.099    0.116    0.131    0.162    0.189    0.209    0.224    0.229    0.234    0.244    0.255    0.266    0.289    0.331    0.357    0.357    0.357 
   0.182    0.182    0.182    0.126    0.101    0.080    0.055    0.028    0.000    0.041    0.061    0.086    0.105    0.122    0.155    0.183    0.204    0.219    0.224    0.229    0.240    0.251    0.262    0.285    0.327    0.354    0.354    0.354 
   0.194    0.194    0.194    0.143    0.121    0.104    0.085    0.065    0.041    0.000    0.030    0.073    0.096    0.115    0.149    0.178    0.199    0.215    0.220    0.225    0.236    0.247    0.258    0.282    0.324    0.351    0.351    0.351 
   0.200    0.200    0.200    0.151    0.131    0.115    0.098    0.081    0.061    0.030    0.000    0.066    0.092    0.111    0.146    0.176    0.197    0.213    0.219    0.223    0.234    0.246    0.257    0.280    0.323    0.350    0.350    0.350 
   0.208    0.208    0.208    0.161    0.142    0.128    0.113    0.099    0.086    0.073    0.066    0.000    0.036    0.066    0.115    0.151    0.176    0.193    0.199    0.205    0.216    0.229    0.240    0.265    0.310    0.339    0.339    0.339 
   0.216    0.216    0.216    0.172    0.154    0.141    0.128    0.116    0.105    0.096    0.092    0.036    0.000    0.035    0.095    0.137    0.164    0.182    0.189    0.194    0.207    0.220    0.232    0.258    0.304    0.332    0.332    0.332 
   0.225    0.225    0.225    0.183    0.166    0.154    0.142    0.131    0.122    0.115    0.111    0.066    0.035    0.000    0.071    0.120    0.150    0.170    0.177    0.183    0.196    0.209    0.222    0.249    0.297    0.326    0.326    0.326 
   0.244    0.244    0.244    0.206    0.191    0.181    0.170    0.162    0.155    0.149    0.146    0.115    0.095    0.071    0.000    0.067    0.111    0.137    0.145    0.152    0.168    0.183    0.198    0.228    0.279    0.310    0.310    0.310 
   0.263    0.263    0.263    0.228    0.215    0.206    0.197    0.189    0.183    0.178    0.176    0.151    0.137    0.120    0.067    0.000    0.061    0.099    0.110    0.120    0.139    0.157    0.174    0.207    0.262    0.295    0.295    0.295 
   0.278    0.278    0.278    0.245    0.233    0.224    0.216    0.209    0.204    0.199    0.197    0.176    0.164    0.150    0.111    0.061    0.000    0.052    0.069    0.083    0.109    0.132    0.151    0.188    0.248    0.282    0.282    0.282 
   0.289    0.289    0.289    0.258    0.246    0.238    0.231    0.224    0.219    0.215    0.213    0.193    0.182    0.170    0.137    0.099    0.052    0.000    0.024    0.045    0.082    0.110    0.133    0.174    0.237    0.273    0.273    0.273 
   0.293    0.293    0.293    0.262    0.251    0.243    0.236    0.229    0.224    0.220    0.219    0.199    0.189    0.177    0.145    0.110    0.069    0.024    0.000    0.024    0.067    0.100    0.124    0.168    0.232    0.269    0.269    0.269 
   0.297    0.297    0.297    0.266    0.255    0.248    0.240    0.234    0.229    0.225    0.223    0.205    0.194    0.183    0.152    0.120    0.083    0.045    0.024    0.000    0.049    0.087    0.114    0.160    0.227    0.264    0.264    0.264 
   0.305    0.305    0.305    0.275    0.265    0.257    0.250    0.244    0.240    0.236    0.234    0.216    0.207    0.196    0.168    0.139    0.109    0.082    0.067    0.049    0.000    0.050    0.086    0.142    0.215    0.254    0.254    0.254 
   0.314    0.314    0.314    0.285    0.275    0.268    0.261    0.255    0.251    0.247    0.246    0.229    0.220    0.209    0.183    0.157    0.132    0.110    0.100    0.087    0.050    0.000    0.048    0.120    0.201    0.242    0.242    0.242 
   0.323    0.323    0.323    0.295    0.285    0.278    0.271    0.266    0.262    0.258    0.257    0.240    0.232    0.222    0.198    0.174    0.151    0.133    0.124    0.114    0.086    0.048    0.000    0.092    0.186    0.230    0.230    0.230 
   0.342    0.342    0.342    0.315    0.306    0.300    0.294    0.289    0.285    0.282    0.280    0.265    0.258    0.249    0.228    0.207    0.188    0.174    0.168    0.160    0.142    0.120    0.092    0.000    0.143    0.197    0.197    0.197 
   0.378    0.378    0.378    0.354    0.346    0.340    0.335    0.331    0.327    0.324    0.323    0.310    0.304    0.297    0.279    0.262    0.248    0.237    0.232    0.227    0.215    0.201    0.186    0.143    0.000    0.113    0.113    0.113 
   0.401    0.401    0.401    0.379    0.371    0.366    0.361    0.357    0.354    0.351    0.350    0.339    0.332    0.326    0.310    0.295    0.282    0.273    0.269    0.264    0.254    0.242    0.230    0.197    0.113    0.000    0.000    0.000 
   0.401    0.401    0.401    0.379    0.371    0.366    0.361    0.357    0.354    0.351    0.350    0.339    0.332    0.326    0.310    0.295    0.282    0.273    0.269    0.264    0.254    0.242    0.230    0.197    0.113    0.000    0.000    0.000 
   0.401    0.401    0.401    0.379    0.371    0.366    0.361    0.357    0.354    0.351    0.350    0.339    0.332    0.326    0.310    0.295    0.282    0.273    0.269    0.264    0.254    0.242    0.230    0.197    0.113    0.000    0.000    0.000 
Reading energies...
Done.
Deconvoluting replicas...
Done.
number of uncorrelated samples:
[197 197 197 197 197 197 197 197 197 197 197 197 197 197 197 197 197 197
 197 197 197 197 197 197 197 197 197 197]


Binding free energy :          -31.676 +- 0.438 kT (         -18.758 +- 0.260 kcal/mol)

DeltaG solvent      :           86.591 +- 0.177 kT
DeltaG complex      :          115.360 +- 0.401 kT
DeltaG restraint    :            2.908          kT

Binding enthalpy    :           15.685 +- 9.850 kT (           9.288 +- 5.833 kcal/mol)
systems/AVX101118_1
Opening NetCDF trajectory file 'systems/AVX101118_1/solvent.nc' for reading...
dimensions:
       iteration      627
         replica        5
            atom       65
         spatial        3
          scalar        1
Read 627 iterations, 5 states
Reading energies...
Done.
Deconvoluting replicas...
Done.
[58, 391.86929]
Cumulative symmetrized state mixing transition matrix:
            0      1      2      3      4 
0       0.977                             
1              0.426  0.181  0.189  0.188 
2              0.181  0.276  0.252  0.286 
3              0.189  0.252  0.282  0.276 
4              0.188  0.286  0.276  0.248 
Perron eigenvalue is   0.97163; state equilibration timescale is ~ 35.3 iterations
Reading energies...
Done.
Deconvoluting replicas...
Done.
number of uncorrelated samples:
[529 529 529 529 529]

Computing free energy differences...

Warning: states 2 and 3 have the same energies on the dataset.
They are therefore likely to to be the same thermodynamic state.  This can occasionally cause
numerical problems with computing the covariance of their energy difference, which must be
identically zero in any case. Consider combining them into a single state.


Warning: states 2 and 4 have the same energies on the dataset.
They are therefore likely to to be the same thermodynamic state.  This can occasionally cause
numerical problems with computing the covariance of their energy difference, which must be
identically zero in any case. Consider combining them into a single state.


Warning: states 3 and 4 have the same energies on the dataset.
They are therefore likely to to be the same thermodynamic state.  This can occasionally cause
numerical problems with computing the covariance of their energy difference, which must be
identically zero in any case. Consider combining them into a single state.

Computing covariance matrix...
Deltaf_ij:
   0.000   76.893   90.876   90.876   90.876 
 -76.893    0.000   13.983   13.983   13.983 
 -90.876  -13.983    0.000    0.000    0.000 
 -90.876  -13.983    0.000    0.000    0.000 
 -90.876  -13.983    0.000    0.000    0.000 
dDeltaf_ij:
   0.000    0.135    0.143    0.143    0.143 
   0.135    0.000    0.020    0.020    0.020 
   0.143    0.020    0.000    0.000    0.000 
   0.143    0.020    0.000    0.000    0.000 
   0.143    0.020    0.000    0.000    0.000 
Reading energies...
Done.
Deconvoluting replicas...
Done.
number of uncorrelated samples:
[529 529 529 529 529]

Opening NetCDF trajectory file 'systems/AVX101118_1/complex.nc' for reading...
dimensions:
       iteration     2325
         replica       28
            atom     5653
         spatial        3
          scalar        1
Read 2325 iterations, 28 states
Reading energies...
Done.
Deconvoluting replicas...
Done.
[1937, 233.83533]
Cumulative symmetrized state mixing transition matrix:
            0      1      2      3      4      5      6      7      8      9     10     11     12     13     14     15     16     17     18     19     20     21     22     23     24     25     26     27 
0       0.243  0.323  0.283  0.116                                                                                                                                                                         
1       0.323  0.251  0.249  0.145                                                                                                                                                                         
2       0.283  0.249  0.261  0.171                                                                                                                                                                         
3       0.116  0.145  0.171  0.344  0.195                                                                                                                                                                  
4                            0.195  0.496  0.149  0.058                                                                                                                                                    
5                                   0.149  0.406  0.279  0.089                                                                                                                                             
6                                   0.058  0.279  0.349  0.182  0.099                                                                                                                                      
7                                          0.089  0.182  0.333  0.289  0.083                                                                                                                               
8                                                 0.099  0.289  0.385  0.155                                                                                                                               
9                                                        0.083  0.155  0.494  0.165  0.057                                                                                                                 
10                                                                     0.165  0.618  0.107  0.058                                                                                                          
11                                                                     0.057  0.107  0.419  0.244  0.142                                                                                                   
12                                                                            0.058  0.244  0.354  0.267                                                                                                   
13                                                                                   0.142  0.267  0.385  0.155                                                                                            
14                                                                                                 0.155  0.589  0.160                                                                                     
15                                                                                                        0.160  0.607  0.172                                                                              
16                                                                                                               0.172  0.483  0.176  0.079                                                                
17                                                                                                                      0.176  0.289  0.255  0.173  0.053                                                  
18                                                                                                                      0.079  0.255  0.344  0.193  0.084                                                  
19                                                                                                                             0.173  0.193  0.305  0.200  0.059                                           
20                                                                                                                             0.053  0.084  0.200  0.351  0.218  0.071                                    
21                                                                                                                                           0.059  0.218  0.393  0.236                                    
22                                                                                                                                                  0.071  0.236  0.499  0.156                             
23                                                                                                                                                                0.156  0.762                             
24                                                                                                                                                                              0.791  0.059  0.059  0.056 
25                                                                                                                                                                              0.059  0.305  0.313  0.322 
26                                                                                                                                                                              0.059  0.313  0.295  0.332 
27                                                                                                                                                                              0.056  0.322  0.332  0.287 
Perron eigenvalue is   0.99452; state equilibration timescale is ~ 182.4 iterations
Reading energies...
Done.
Deconvoluting replicas...
Done.
number of uncorrelated samples:
[358 358 358 358 358 358 358 358 358 358 358 358 358 358 358 358 358 358
 358 358 358 358 358 358 358 358 358 358]

Computing free energy differences...

Warning: states 0 and 1 have the same energies on the dataset.
They are therefore likely to to be the same thermodynamic state.  This can occasionally cause
numerical problems with computing the covariance of their energy difference, which must be
identically zero in any case. Consider combining them into a single state.


Warning: states 0 and 2 have the same energies on the dataset.
They are therefore likely to to be the same thermodynamic state.  This can occasionally cause
numerical problems with computing the covariance of their energy difference, which must be
identically zero in any case. Consider combining them into a single state.


Warning: states 1 and 2 have the same energies on the dataset.
They are therefore likely to to be the same thermodynamic state.  This can occasionally cause
numerical problems with computing the covariance of their energy difference, which must be
identically zero in any case. Consider combining them into a single state.


Warning: states 25 and 26 have the same energies on the dataset.
They are therefore likely to to be the same thermodynamic state.  This can occasionally cause
numerical problems with computing the covariance of their energy difference, which must be
identically zero in any case. Consider combining them into a single state.


Warning: states 25 and 27 have the same energies on the dataset.
They are therefore likely to to be the same thermodynamic state.  This can occasionally cause
numerical problems with computing the covariance of their energy difference, which must be
identically zero in any case. Consider combining them into a single state.


Warning: states 26 and 27 have the same energies on the dataset.
They are therefore likely to to be the same thermodynamic state.  This can occasionally cause
numerical problems with computing the covariance of their energy difference, which must be
identically zero in any case. Consider combining them into a single state.

Computing covariance matrix...
Deltaf_ij:
   0.000    0.000    0.000   18.419   33.870   46.565   56.993   65.591   72.493   79.702   73.239   78.520   81.022   83.423   87.937   92.137   96.026   99.539  101.201  102.804  105.805  108.494  110.845  114.708  118.553  118.237  118.237  118.237 
   0.000    0.000    0.000   18.419   33.870   46.565   56.993   65.591   72.493   79.702   73.239   78.520   81.022   83.423   87.937   92.137   96.026   99.539  101.201  102.804  105.805  108.494  110.845  114.708  118.553  118.237  118.237  118.237 
   0.000    0.000    0.000   18.419   33.870   46.565   56.993   65.591   72.493   79.702   73.239   78.520   81.022   83.423   87.937   92.137   96.026   99.539  101.201  102.804  105.805  108.494  110.845  114.708  118.553  118.237  118.237  118.237 
 -18.419  -18.419  -18.419    0.000   15.451   28.145   38.574   47.172   54.073   61.283   54.819   60.101   62.603   65.004   69.518   73.718   77.607   81.120   82.782   84.385   87.386   90.075   92.425   96.289  100.134   99.818   99.818   99.818 
 -33.870  -33.870  -33.870  -15.451    0.000   12.694   23.123   31.721   38.622   45.832   39.368   44.650   47.152   49.553   54.067   58.267   62.156   65.669   67.331   68.934   71.935   74.624   76.974   80.838   84.683   84.367   84.367   84.367 
 -46.565  -46.565  -46.565  -28.145  -12.694    0.000   10.429   19.027   25.928   33.137   26.674   31.955   34.458   36.858   41.373   45.573   49.461   52.974   54.636   56.239   59.241   61.930   64.280   68.143   71.988   71.673   71.673   71.673 
 -56.993  -56.993  -56.993  -38.574  -23.123  -10.429    0.000    8.598   15.499   22.708   16.245   21.526   24.029   26.429   30.944   35.144   39.032   42.546   44.208   45.811   48.812   51.501   53.851   57.715   61.560   61.244   61.244   61.244 
 -65.591  -65.591  -65.591  -47.172  -31.721  -19.027   -8.598    0.000    6.901   14.111    7.647   12.929   15.431   17.832   22.346   26.546   30.435   33.948   35.610   37.213   40.214   42.903   45.253   49.117   52.962   52.646   52.646   52.646 
 -72.493  -72.493  -72.493  -54.073  -38.622  -25.928  -15.499   -6.901    0.000    7.209    0.746    6.027    8.530   10.930   15.445   19.645   23.533   27.046   28.709   30.311   33.313   36.002   38.352   42.215   46.060   45.745   45.745   45.745 
 -79.702  -79.702  -79.702  -61.283  -45.832  -33.137  -22.708  -14.111   -7.209    0.000   -6.463   -1.182    1.320    3.721    8.235   12.436   16.324   19.837   21.499   23.102   26.103   28.792   31.143   35.006   38.851   38.535   38.535   38.535 
