USER=chodera
LOGNAME=chodera
HOME=/cbio/jclab/home/chodera
PATH=/cbio/jclab/share/swig/install/bin:/cbio/jclab/share/canopy/canopy-1.0.0-rh5/appdata/canopy-1.0.0.1160.rh5-x86_64:/cbio/jclab/share/canopy/canopy-1.0.0-rh5/appdata/canopy-1.0.0.1160.rh5-x86_64/bin:/cbio/jclab/share/canopy/canopy-1.0.0-rh5/appdata/canopy-1.0.0.1160.rh5-x86_64:/cbio/jclab/share/canopy/canopy-1.0.0-rh5/appdata/canopy-1.0.0.1160.rh5-x86_64/bin:/cbio/jclab/share/swig/install/bin:/cbio/jclab/share/swig/install/bin:/cbio/jclab/share/canopy/canopy-1.0.0-rh5/appdata/canopy-1.0.0.1160.rh5-x86_64:/cbio/jclab/share/canopy/canopy-1.0.0-rh5/appdata/canopy-1.0.0.1160.rh5-x86_64/bin:/cbio/jclab/share/canopy/canopy-1.0.0-rh5/appdata/canopy-1.0.0.1160.rh5-x86_64:/cbio/jclab/share/canopy/canopy-1.0.0-rh5/appdata/canopy-1.0.0.1160.rh5-x86_64/bin:/cbio/jclab/share/swig/install/bin:/opt/cmake/bin:/usr/local/cuda-5.5/bin:/opt/mpich2/gcc/eth/bin:/opt/gnu/gcc/4.8.1/bin:/usr/lib64/qt-3.3/bin:/usr/local/bin:/bin:/usr/bin:/usr/java/latest/bin:/opt/pdsh/bin:/opt/rocks/bin
MAIL=/var/spool/mail/chodera
SHELL=/bin/tcsh
SSH_CLIENT=66.108.94.177 45572 22
SSH_CONNECTION=66.108.94.177 45572 10.241.31.248 22
SSH_TTY=/dev/pts/4
TERM=xterm
HOSTTYPE=x86_64-linux
VENDOR=unknown
OSTYPE=linux
MACHTYPE=x86_64
SHLVL=2
PWD=/cbio/jclab/home/chodera/sampl4/pose_prediction/yank
GROUP=jclab
HOST=gpu-1-14.local
REMOTEHOST=cpe-66-108-94-177.nyc.res.rr.com
HOSTNAME=gpu-1-14
ANT_HOME=/opt/rocks
LS_COLORS=rs=0:di=01;34:ln=01;36:mh=00:pi=40;33:so=01;35:do=01;35:bd=40;33;01:cd=40;33;01:or=40;31;01:mi=01;05;37;41:su=37;41:sg=30;43:ca=30;41:tw=30;42:ow=34;42:st=37;44:ex=01;32:*.tar=01;31:*.tgz=01;31:*.arj=01;31:*.taz=01;31:*.lzh=01;31:*.lzma=01;31:*.tlz=01;31:*.txz=01;31:*.zip=01;31:*.z=01;31:*.Z=01;31:*.dz=01;31:*.gz=01;31:*.lz=01;31:*.xz=01;31:*.bz2=01;31:*.tbz=01;31:*.tbz2=01;31:*.bz=01;31:*.tz=01;31:*.deb=01;31:*.rpm=01;31:*.jar=01;31:*.rar=01;31:*.ace=01;31:*.zoo=01;31:*.cpio=01;31:*.7z=01;31:*.rz=01;31:*.jpg=01;35:*.jpeg=01;35:*.gif=01;35:*.bmp=01;35:*.pbm=01;35:*.pgm=01;35:*.ppm=01;35:*.tga=01;35:*.xbm=01;35:*.xpm=01;35:*.tif=01;35:*.tiff=01;35:*.png=01;35:*.svg=01;35:*.svgz=01;35:*.mng=01;35:*.pcx=01;35:*.mov=01;35:*.mpg=01;35:*.mpeg=01;35:*.m2v=01;35:*.mkv=01;35:*.ogm=01;35:*.mp4=01;35:*.m4v=01;35:*.mp4v=01;35:*.vob=01;35:*.qt=01;35:*.nuv=01;35:*.wmv=01;35:*.asf=01;35:*.rm=01;35:*.rmvb=01;35:*.flc=01;35:*.avi=01;35:*.fli=01;35:*.flv=01;35:*.gl=01;35:*.dl=01;35:*.xcf=01;35:*.xwd=01;35:*.yuv=01;35:*.cgm=01;35:*.emf=01;35:*.axv=01;35:*.anx=01;35:*.ogv=01;35:*.ogx=01;35:*.aac=01;36:*.au=01;36:*.flac=01;36:*.mid=01;36:*.midi=01;36:*.mka=01;36:*.mp3=01;36:*.mpc=01;36:*.ogg=01;36:*.ra=01;36:*.wav=01;36:*.axa=01;36:*.oga=01;36:*.spx=01;36:*.xspf=01;36:
G_BROKEN_FILENAMES=1
SSH_ASKPASS=/usr/libexec/openssh/gnome-ssh-askpass
JAVA_HOME=/usr/java/latest
LANG=en_US.iso885915
LESSOPEN=|/usr/bin/lesspipe.sh %s
MODULESHOME=/usr/share/Modules
MODULEPATH=/usr/share/Modules/modulefiles:/etc/modulefiles
LOADEDMODULES=gcc/4.8.1:mpich2_eth/1.5:cuda/5.5:cmake/2.8.10.2
QTDIR=/usr/lib64/qt-3.3
QTINC=/usr/lib64/qt-3.3/include
QTLIB=/usr/lib64/qt-3.3/lib
ROCKS_ROOT=/opt/rocks
LD_LIBRARY_PATH=/cbio/jclab/share/openmm-git/install/lib:/cbio/jclab/share/openmm-git/install/lib/plugins/:/usr/local/cuda-5.5/lib64:/opt/gnu/gcc/4.8.1/lib64:/opt/gnu/gcc/4.8.1/lib:/opt/gnu/gmp/lib:/opt/gnu/mpc/lib:/opt/gnu/mpfr/lib:/usr/local/cuda-5.5/lib:/opt/cuda-5.5/lib64
_LMFILES_=/etc/modulefiles/gcc/4.8.1:/etc/modulefiles/mpich2_eth/1.5:/etc/modulefiles/cuda/5.5:/etc/modulefiles/cmake/2.8.10.2
MPIHOME=/opt/mpich2/gcc/eth
EDITOR=emacs -nw -bg black -fg white
CHODERALAB=/cbio/jclab/share
CUDA_HOME=/usr/local/cuda-5.5
OPENCL_INCLUDE_DIR=/usr/local/cuda-5.5/include
YANKHOME=/nics/a/proj/yank/yank/
CANOPY_HOME=/cbio/jclab/share/canopy/canopy-1.0.0-rh5/appdata/canopy-1.0.0.1160.rh5-x86_64
CFLAGS=-fPIC
LDFLAGS=-L/cbio/jclab/share/canopy/canopy-1.0.0-rh5/appdata/canopy-1.0.0.1160.rh5-x86_64/lib
CXXFLAGS=-fPIC
PYTHONPATH=/cbio/jclab/share/openmm-git/install/lib/python2.7/site-packages:
OPENMM_HOME=/cbio/jclab/share/openmm-git
OPENMM_INSTALL_DIR=/cbio/jclab/share/openmm-git/install
OPENMM_PLUGIN_DIR=/cbio/jclab/share/openmm-git/install/lib/plugins/
OPENMM_SOURCE_DIR=/cbio/jclab/share/openmm-git/OpenMM/
OPENMM_LIB_PATH=/cbio/jclab/share/openmm-git/install/lib
OPENMM_INCLUDE_PATH=/cbio/jclab/share/openmm-git/install/include
OPENMM_CUDA_COMPILER=/usr/local/cuda-5.5/bin/nvcc
SLURM_NTASKS_PER_NODE=1
SLURM_JOB_NAME=analyze
SLURM_PRIO_PROCESS=0
SLURM_SUBMIT_DIR=/cbio/jclab/home/chodera/sampl4/pose_prediction/yank
SLURM_SUBMIT_HOST=mskcc-ln1.local
SLURM_JOB_ID=52973
SLURM_JOB_NUM_NODES=1
SLURM_JOB_NODELIST=gpu-1-14
SLURM_NODE_ALIASES=(null)
SLURM_JOB_CPUS_PER_NODE=1
ENVIRONMENT=BATCH
SLURM_JOBID=52973
SLURM_NNODES=1
SLURM_NODELIST=gpu-1-14
SLURM_TASKS_PER_NODE=1
SLURM_MEM_PER_CPU=1024
CUDA_VISIBLE_DEVICES=NoDevFiles
SLURM_TOPOLOGY_ADDR=gpu-1-14
SLURM_TOPOLOGY_ADDR_PATTERN=node
TMPDIR=/tmp
SLURM_TASK_PID=1672
SLURM_CPUS_ON_NODE=1
SBATCH_CPU_BIND_VERBOSE=quiet
SBATCH_CPU_BIND_TYPE=mask_cpu:
SBATCH_CPU_BIND_LIST=0x00080008
SBATCH_CPU_BIND=quiet,mask_cpu:0x00080008
SLURM_NODEID=0
SLURM_PROCID=0
SLURM_LOCALID=0
SLURM_GTIDS=0
SLURM_CHECKPOINT_IMAGE_DIR=/cbio/jclab/home/chodera/sampl4/pose_prediction/yank
SLURMD_NODENAME=gpu-1-14
Tue Aug 13 06:19:59 PDT 2013
systems.amber12/AVX101118_0
Opening NetCDF trajectory file 'systems.amber12/AVX101118_0/solvent.nc' for reading...
dimensions:
       iteration      254
         replica        3
            atom       65
         spatial        3
          scalar        1
Read 254 iterations, 3 states
Reading energies...
Done.
Deconvoluting replicas...
Done.
Reading energies...
Done.
Deconvoluting replicas...
Done.
[0, 255.0]
Cumulative symmetrized state mixing transition matrix:
            0      1      2 
0       0.988               
1              0.506  0.490 
2              0.490  0.502 
Perron eigenvalue is   0.98223; state equilibration timescale is ~ 56.3 iterations
Reading energies...
Done.
Deconvoluting replicas...
Done.
number of uncorrelated samples:
[254 254 254]

Computing free energy differences...

Warning: states 1 and 2 have the same energies on the dataset.
They are therefore likely to to be the same thermodynamic state.  This can occasionally cause
numerical problems with computing the covariance of their energy difference, which must be
identically zero in any case. Consider combining them into a single state.

Computing covariance matrix...
Deltaf_ij:
   0.000   85.186   85.186 
 -85.186    0.000    0.000 
 -85.186    0.000    0.000 
dDeltaf_ij:
   0.000    0.212    0.212 
   0.212    0.000    0.000 
   0.212    0.000    0.000 
Reading energies...
Done.
Deconvoluting replicas...
Done.
number of uncorrelated samples:
[254 254 254]

Opening NetCDF trajectory file 'systems.amber12/AVX101118_0/complex.nc' for reading...
dimensions:
       iteration      439
         replica       28
            atom     5653
         spatial        3
          scalar        1
Read 439 iterations, 28 states
Reading energies...
Done.
Deconvoluting replicas...
Done.
Reading energies...
Done.
Deconvoluting replicas...
Done.
[356, 84.0]
Cumulative symmetrized state mixing transition matrix:
            0      1      2      3      4      5      6      7      8      9     10     11     12     13     14     15     16     17     18     19     20     21     22     23     24     25     26     27 
0       0.793  0.207                                                                                                                                                                                       
1       0.207  0.756                                                                                                                                                                                       
2                     0.805  0.146                                                                                                                                                                         
3                     0.146  0.659  0.171                                                                                                                                                                  
4                            0.171  0.524  0.171  0.073                                                                                                                                                    
5                                   0.171  0.317  0.305  0.189                                                                                                                                             
6                                   0.073  0.305  0.439  0.165                                                                                                                                             
7                                          0.189  0.165  0.427  0.177                                                                                                                                      
8                                                        0.177  0.659  0.098                                                                                                                               
9                                                               0.098  0.646  0.201                                                                                                                        
10                                                                     0.201  0.500  0.220                                                                                                                 
11                                                                            0.220  0.439  0.220                                                                                                          
12                                                                                   0.220  0.439  0.226                                                                                                   
13                                                                                          0.226  0.402  0.201  0.085                                                                                     
14                                                                                                 0.201  0.390  0.213  0.079                                                                              
15                                                                                                 0.085  0.213  0.415  0.140  0.079                                                                       
16                                                                                                        0.079  0.140  0.354  0.201  0.116                                                                
17                                                                                                               0.079  0.201  0.317  0.171  0.116                                                         
18                                                                                                                      0.116  0.171  0.305  0.207  0.085                                                  
19                                                                                                                             0.116  0.207  0.110  0.189  0.091  0.061  0.055                             
20                                                                                                                                    0.085  0.189  0.183  0.195  0.104  0.073                             
21                                                                                                                                           0.091  0.195  0.122  0.128  0.165  0.098  0.067  0.055        
22                                                                                                                                           0.061  0.104  0.128  0.159  0.146  0.152  0.085  0.104        
23                                                                                                                                           0.055  0.073  0.165  0.146  0.122  0.116  0.146  0.122        
24                                                                                                                                                         0.098  0.152  0.116  0.220  0.134  0.140  0.061 
25                                                                                                                                                         0.067  0.085  0.146  0.134  0.280  0.183        
26                                                                                                                                                         0.055  0.104  0.122  0.140  0.183  0.244  0.061 
27                                                                                                                                                                              0.061         0.061  0.768 
Perron eigenvalue is   0.99403; state equilibration timescale is ~ 167.4 iterations
Reading energies...
Done.
Deconvoluting replicas...
Done.
number of uncorrelated samples:
[83 83 83 83 83 83 83 83 83 83 83 83 83 83 83 83 83 83 83 83 83 83 83 83 83
 83 83 83]

Computing free energy differences...
Computing covariance matrix...
Deltaf_ij:
   0.000   19.285   39.776   64.281   77.421   75.912   69.978   74.962   79.831   84.206   87.904   91.070   93.910   96.621   99.301  101.808  104.109  106.158  107.892  109.260  110.285  111.048  111.605  112.014  112.327  112.547  112.607  111.465 
 -19.285    0.000   20.492   44.996   58.136   56.628   50.694   55.678   60.547   64.921   68.619   71.785   74.625   77.336   80.016   82.523   84.824   86.873   88.607   89.975   91.000   91.763   92.320   92.729   93.042   93.262   93.322   92.181 
 -39.776  -20.492    0.000   24.504   37.644   36.136   30.202   35.186   40.055   44.430   48.128   51.293   54.133   56.844   59.524   62.032   64.333   66.382   68.115   69.483   70.508   71.271   71.829   72.238   72.551   72.770   72.831   71.689 
 -64.281  -44.996  -24.504    0.000   13.140   11.632    5.698   10.682   15.551   19.925   23.623   26.789   29.629   32.340   35.020   37.527   39.828   41.877   43.611   44.979   46.004   46.767   47.324   47.733   48.046   48.266   48.326   47.185 
 -77.421  -58.136  -37.644  -13.140    0.000   -1.508   -7.442   -2.458    2.411    6.785   10.483   13.649   16.489   19.200   21.880   24.388   26.688   28.738   30.471   31.839   32.864   33.627   34.185   34.594   34.906   35.126   35.187   34.045 
 -75.912  -56.628  -36.136  -11.632    1.508    0.000   -5.934   -0.950    3.919    8.294   11.992   15.157   17.997   20.708   23.388   25.896   28.196   30.246   31.979   33.347   34.372   35.135   35.693   36.102   36.415   36.634   36.695   35.553 
 -69.978  -50.694  -30.202   -5.698    7.442    5.934    0.000    4.984    9.853   14.228   17.926   21.091   23.931   26.642   29.322   31.830   34.131   36.180   37.913   39.281   40.306   41.069   41.627   42.036   42.349   42.569   42.629   41.487 
 -74.962  -55.678  -35.186  -10.682    2.458    0.950   -4.984    0.000    4.869    9.244   12.942   16.107   18.948   21.659   24.338   26.846   29.147   31.196   32.930   34.297   35.322   36.086   36.643   37.052   37.365   37.585   37.645   36.503 
 -79.831  -60.547  -40.055  -15.551   -2.411   -3.919   -9.853   -4.869    0.000    4.374    8.073   11.238   14.078   16.789   19.469   21.977   24.277   26.327   28.060   29.428   30.453   31.216   31.774   32.183   32.496   32.715   32.776   31.634 
 -84.206  -64.921  -44.430  -19.925   -6.785   -8.294  -14.228   -9.244   -4.374    0.000    3.698    6.864    9.704   12.415   15.095   17.602   19.903   21.952   23.686   25.054   26.079   26.842   27.399   27.808   28.121   28.341   28.401   27.259 
 -87.904  -68.619  -48.128  -23.623  -10.483  -11.992  -17.926  -12.942   -8.073   -3.698    0.000    3.166    6.006    8.717   11.396   13.904   16.205   18.254   19.988   21.356   22.381   23.144   23.701   24.110   24.423   24.643   24.703   23.561 
 -91.070  -71.785  -51.293  -26.789  -13.649  -15.157  -21.091  -16.107  -11.238   -6.864   -3.166    0.000    2.840    5.551    8.231   10.738   13.039   15.088   16.822   18.190   19.215   19.978   20.535   20.944   21.257   21.477   21.537   20.396 
 -93.910  -74.625  -54.133  -29.629  -16.489  -17.997  -23.931  -18.948  -14.078   -9.704   -6.006   -2.840    0.000    2.711    5.391    7.898   10.199   12.248   13.982   15.350   16.375   17.138   17.695   18.104   18.417   18.637   18.697   17.555 
 -96.621  -77.336  -56.844  -32.340  -19.200  -20.708  -26.642  -21.659  -16.789  -12.415   -8.717   -5.551   -2.711    0.000    2.680    5.187    7.488    9.537   11.271   12.639   13.664   14.427   14.984   15.393   15.706   15.926   15.986   14.844 
 -99.301  -80.016  -59.524  -35.020  -21.880  -23.388  -29.322  -24.338  -19.469  -15.095  -11.396   -8.231   -5.391   -2.680    0.000    2.508    4.808    6.858    8.591    9.959   10.984   11.747   12.305   12.714   13.026   13.246   13.307   12.165 
-101.808  -82.523  -62.032  -37.527  -24.388  -25.896  -31.830  -26.846  -21.977  -17.602  -13.904  -10.738   -7.898   -5.187   -2.508    0.000    2.301    4.350    6.084    7.451    8.477    9.240    9.797   10.206   10.519   10.739   10.799    9.657 
-104.109  -84.824  -64.333  -39.828  -26.688  -28.196  -34.131  -29.147  -24.277  -19.903  -16.205  -13.039  -10.199   -7.488   -4.808   -2.301    0.000    2.049    3.783    5.151    6.176    6.939    7.496    7.905    8.218    8.438    8.498    7.356 
-106.158  -86.873  -66.382  -41.877  -28.738  -30.246  -36.180  -31.196  -26.327  -21.952  -18.254  -15.088  -12.248   -9.537   -6.858   -4.350   -2.049    0.000    1.734    3.101    4.127    4.890    5.447    5.856    6.169    6.389    6.449    5.307 
-107.892  -88.607  -68.115  -43.611  -30.471  -31.979  -37.913  -32.930  -28.060  -23.686  -19.988  -16.822  -13.982  -11.271   -8.591   -6.084   -3.783   -1.734    0.000    1.368    2.393    3.156    3.713    4.122    4.435    4.655    4.715    3.574 
-109.260  -89.975  -69.483  -44.979  -31.839  -33.347  -39.281  -34.297  -29.428  -25.054  -21.356  -18.190  -15.350  -12.639   -9.959   -7.451   -5.151   -3.101   -1.368    0.000    1.025    1.788    2.346    2.755    3.067    3.287    3.348    2.206 
-110.285  -91.000  -70.508  -46.004  -32.864  -34.372  -40.306  -35.322  -30.453  -26.079  -22.381  -19.215  -16.375  -13.664  -10.984   -8.477   -6.176   -4.127   -2.393   -1.025    0.000    0.763    1.320    1.729    2.042    2.262    2.322    1.181 
-111.048  -91.763  -71.271  -46.767  -33.627  -35.135  -41.069  -36.086  -31.216  -26.842  -23.144  -19.978  -17.138  -14.427  -11.747   -9.240   -6.939   -4.890   -3.156   -1.788   -0.763    0.000    0.557    0.966    1.279    1.499    1.559    0.417 
-111.605  -92.320  -71.829  -47.324  -34.185  -35.693  -41.627  -36.643  -31.774  -27.399  -23.701  -20.535  -17.695  -14.984  -12.305   -9.797   -7.496   -5.447   -3.713   -2.346   -1.320   -0.557    0.000    0.409    0.722    0.942    1.002   -0.140 
-112.014  -92.729  -72.238  -47.733  -34.594  -36.102  -42.036  -37.052  -32.183  -27.808  -24.110  -20.944  -18.104  -15.393  -12.714  -10.206   -7.905   -5.856   -4.122   -2.755   -1.729   -0.966   -0.409    0.000    0.313    0.533    0.593   -0.549 
-112.327  -93.042  -72.551  -48.046  -34.906  -36.415  -42.349  -37.365  -32.496  -28.121  -24.423  -21.257  -18.417  -15.706  -13.026  -10.519   -8.218   -6.169   -4.435   -3.067   -2.042   -1.279   -0.722   -0.313    0.000    0.220    0.280   -0.862 
-112.547  -93.262  -72.770  -48.266  -35.126  -36.634  -42.569  -37.585  -32.715  -28.341  -24.643  -21.477  -18.637  -15.926  -13.246  -10.739   -8.438   -6.389   -4.655   -3.287   -2.262   -1.499   -0.942   -0.533   -0.220    0.000    0.060   -1.082 
-112.607  -93.322  -72.831  -48.326  -35.187  -36.695  -42.629  -37.645  -32.776  -28.401  -24.703  -21.537  -18.697  -15.986  -13.307  -10.799   -8.498   -6.449   -4.715   -3.348   -2.322   -1.559   -1.002   -0.593   -0.280   -0.060    0.000   -1.142 
-111.465  -92.181  -71.689  -47.185  -34.045  -35.553  -41.487  -36.503  -31.634  -27.259  -23.561  -20.396  -17.555  -14.844  -12.165   -9.657   -7.356   -5.307   -3.574   -2.206   -1.181   -0.417    0.140    0.549    0.862    1.082    1.142    0.000 
dDeltaf_ij:
   0.000    0.114    0.287    0.336    0.371    0.387    0.393    0.399    0.417    0.436    0.452    0.464    0.473    0.480    0.484    0.489    0.493    0.497    0.500    0.503    0.506    0.508    0.510    0.512    0.513    0.515    0.516    0.543 
   0.114    0.000    0.225    0.285    0.326    0.344    0.350    0.358    0.377    0.399    0.416    0.429    0.439    0.446    0.452    0.457    0.461    0.465    0.468    0.472    0.475    0.477    0.479    0.481    0.483    0.484    0.485    0.514 
   0.287    0.225    0.000    0.135    0.216    0.245    0.254    0.268    0.298    0.330    0.354    0.372    0.385    0.395    0.402    0.409    0.415    0.420    0.425    0.429    0.433    0.436    0.439    0.441    0.442    0.444    0.445    0.476 
   0.336    0.285    0.135    0.000    0.140    0.182    0.195    0.216    0.255    0.295    0.324    0.345    0.361    0.372    0.381    0.389    0.396    0.402    0.407    0.412    0.416    0.419    0.422    0.424    0.426    0.427    0.428    0.460 
   0.371    0.326    0.216    0.140    0.000    0.063    0.090    0.137    0.199    0.252    0.288    0.314    0.332    0.345    0.355    0.364    0.373    0.379    0.385    0.391    0.395    0.399    0.402    0.404    0.406    0.407    0.408    0.442 
   0.387    0.344    0.245    0.182    0.063    0.000    0.034    0.111    0.185    0.243    0.281    0.308    0.327    0.341    0.351    0.361    0.369    0.376    0.383    0.388    0.393    0.396    0.399    0.401    0.403    0.405    0.406    0.440 
   0.393    0.350    0.254    0.195    0.090    0.034    0.000    0.104    0.182    0.241    0.279    0.307    0.326    0.340    0.351    0.360    0.369    0.376    0.382    0.388    0.392    0.396    0.399    0.401    0.403    0.405    0.406    0.440 
   0.399    0.358    0.268    0.216    0.137    0.111    0.104    0.000    0.111    0.194    0.242    0.275    0.297    0.313    0.324    0.336    0.345    0.353    0.360    0.366    0.371    0.375    0.378    0.380    0.382    0.384    0.385    0.421 
   0.417    0.377    0.298    0.255    0.199    0.185    0.182    0.111    0.000    0.120    0.189    0.231    0.259    0.278    0.292    0.305    0.316    0.325    0.333    0.340    0.345    0.349    0.353    0.355    0.357    0.359    0.361    0.398 
   0.436    0.399    0.330    0.295    0.252    0.243    0.241    0.194    0.120    0.000    0.103    0.170    0.208    0.233    0.250    0.266    0.280    0.291    0.300    0.308    0.314    0.319    0.323    0.326    0.328    0.330    0.331    0.372 
   0.452    0.416    0.354    0.324    0.288    0.281    0.279    0.242    0.189    0.103    0.000    0.096    0.152    0.186    0.209    0.230    0.246    0.259    0.270    0.279    0.286    0.291    0.295    0.299    0.301    0.303    0.305    0.348 
   0.464    0.429    0.372    0.345    0.314    0.308    0.307    0.275    0.231    0.170    0.096    0.000    0.079    0.132    0.165    0.191    0.211    0.227    0.240    0.251    0.259    0.265    0.269    0.273    0.275    0.278    0.279    0.327 
   0.473    0.439    0.385    0.361    0.332    0.327    0.326    0.297    0.259    0.208    0.152    0.079    0.000    0.070    0.119    0.155    0.180    0.200    0.215    0.227    0.236    0.242    0.247    0.251    0.254    0.257    0.258    0.309 
   0.480    0.446    0.395    0.372    0.345    0.341    0.340    0.313    0.278    0.233    0.186    0.132    0.070    0.000    0.064    0.116    0.150    0.173    0.191    0.205    0.215    0.222    0.228    0.232    0.235    0.238    0.240    0.293 
   0.484    0.452    0.402    0.381    0.355    0.351    0.351    0.324    0.292    0.250    0.209    0.165    0.119    0.064    0.000    0.066    0.112    0.142    0.164    0.180    0.192    0.200    0.206    0.211    0.214    0.217    0.219    0.277 
   0.489    0.457    0.409    0.389    0.364    0.361    0.360    0.336    0.305    0.266    0.230    0.191    0.155    0.116    0.066    0.000    0.057    0.102    0.131    0.151    0.165    0.175    0.182    0.187    0.191    0.194    0.197    0.259 
   0.493    0.461    0.415    0.396    0.373    0.369    0.369    0.345    0.316    0.280    0.246    0.211    0.180    0.150    0.112    0.057    0.000    0.056    0.096    0.122    0.139    0.150    0.158    0.164    0.169    0.172    0.175    0.243 
   0.497    0.465    0.420    0.402    0.379    0.376    0.376    0.353    0.325    0.291    0.259    0.227    0.200    0.173    0.142    0.102    0.056    0.000    0.048    0.084    0.107    0.122    0.131    0.138    0.144    0.148    0.151    0.227 
   0.500    0.468    0.425    0.407    0.385    0.383    0.382    0.360    0.333    0.300    0.270    0.240    0.215    0.191    0.164    0.131    0.096    0.048    0.000    0.043    0.073    0.091    0.104    0.113    0.119    0.124    0.128    0.212 
   0.503    0.472    0.429    0.412    0.391    0.388    0.388    0.366    0.340    0.308    0.279    0.251    0.227    0.205    0.180    0.151    0.122    0.084    0.043    0.000    0.035    0.059    0.075    0.086    0.094    0.101    0.105    0.199 
   0.506    0.475    0.433    0.416    0.395    0.393    0.392    0.371    0.345    0.314    0.286    0.259    0.236    0.215    0.192    0.165    0.139    0.107    0.073    0.035    0.000    0.028    0.048    0.063    0.073    0.081    0.086    0.190 
   0.508    0.477    0.436    0.419    0.399    0.396    0.396    0.375    0.349    0.319    0.291    0.265    0.242    0.222    0.200    0.175    0.150    0.122    0.091    0.059    0.028    0.000    0.024    0.041    0.054    0.064    0.070    0.183 
   0.510    0.479    0.439    0.422    0.402    0.399    0.399    0.378    0.353    0.323    0.295    0.269    0.247    0.228    0.206    0.182    0.158    0.131    0.104    0.075    0.048    0.024    0.000    0.020    0.036    0.049    0.057    0.178 
   0.512    0.481    0.441    0.424    0.404    0.401    0.401    0.380    0.355    0.326    0.299    0.273    0.251    0.232    0.211    0.187    0.164    0.138    0.113    0.086    0.063    0.041    0.020    0.000    0.018    0.035    0.046    0.175 
   0.513    0.483    0.442    0.426    0.406    0.403    0.403    0.382    0.357    0.328    0.301    0.275    0.254    0.235    0.214    0.191    0.169    0.144    0.119    0.094    0.073    0.054    0.036    0.018    0.000    0.021    0.035    0.172 
   0.515    0.484    0.444    0.427    0.407    0.405    0.405    0.384    0.359    0.330    0.303    0.278    0.257    0.238    0.217    0.194    0.172    0.148    0.124    0.101    0.081    0.064    0.049    0.035    0.021    0.000    0.017    0.169 
   0.516    0.485    0.445    0.428    0.408    0.406    0.406    0.385    0.361    0.331    0.305    0.279    0.258    0.240    0.219    0.197    0.175    0.151    0.128    0.105    0.086    0.070    0.057    0.046    0.035    0.017    0.000    0.164 
   0.543    0.514    0.476    0.460    0.442    0.440    0.440    0.421    0.398    0.372    0.348    0.327    0.309    0.293    0.277    0.259    0.243    0.227    0.212    0.199    0.190    0.183    0.178    0.175    0.172    0.169    0.164    0.000 
Reading energies...
Done.
Deconvoluting replicas...
Done.
number of uncorrelated samples:
[83 83 83 83 83 83 83 83 83 83 83 83 83 83 83 83 83 83 83 83 83 83 83 83 83
 83 83 83]


Binding free energy :          -29.187 +- 0.582 kT (         -17.284 +- 0.345 kcal/mol)

DeltaG solvent      :           85.186 +- 0.212 kT
DeltaG complex      :          111.465 +- 0.543 kT
DeltaG restraint    :            2.908          kT

Binding enthalpy    :          -59.455 +- 14.551 kT (         -35.208 +- 8.617 kcal/mol)
systems.amber12/AVX101118_1
Opening NetCDF trajectory file 'systems.amber12/AVX101118_1/solvent.nc' for reading...
dimensions:
       iteration      260
         replica        3
            atom       65
         spatial        3
          scalar        1
Read 260 iterations, 3 states
Reading energies...
Done.
Deconvoluting replicas...
Done.
Reading energies...
Done.
Deconvoluting replicas...
Done.
[56, 169.97284]
Cumulative symmetrized state mixing transition matrix:
            0      1      2 
0       0.975               
1              0.537  0.456 
2              0.456  0.527 
Perron eigenvalue is   0.96314; state equilibration timescale is ~ 27.1 iterations
Reading energies...
Done.
Deconvoluting replicas...
Done.
number of uncorrelated samples:
[169 169 169]

Computing free energy differences...

Warning: states 1 and 2 have the same energies on the dataset.
They are therefore likely to to be the same thermodynamic state.  This can occasionally cause
numerical problems with computing the covariance of their energy difference, which must be
identically zero in any case. Consider combining them into a single state.

Computing covariance matrix...
Deltaf_ij:
   0.000   90.569   90.569 
 -90.569    0.000    0.000 
 -90.569    0.000    0.000 
dDeltaf_ij:
   0.000    0.258    0.258 
   0.258    0.000    0.000 
   0.258    0.000    0.000 
Reading energies...
Done.
Deconvoluting replicas...
Done.
number of uncorrelated samples:
[169 169 169]

Opening NetCDF trajectory file 'systems.amber12/AVX101118_1/complex.nc' for reading...
dimensions:
       iteration      437
         replica       28
            atom     5653
         spatial        3
          scalar        1
Read 437 iterations, 28 states
Reading energies...
Done.
Deconvoluting replicas...
Done.
Reading energies...
Done.
Deconvoluting replicas...
Done.
[351, 87.0]
Cumulative symmetrized state mixing transition matrix:
            0      1      2      3      4      5      6      7      8      9     10     11     12     13     14     15     16     17     18     19     20     21     22     23     24     25     26     27 
0       0.882  0.112                                                                                                                                                                                       
1       0.112  0.741  0.147                                                                                                                                                                                
2              0.147  0.776  0.065                                                                                                                                                                         
3                     0.065  0.788  0.100                                                                                                                                                                  
4                            0.100  0.529  0.271  0.071                                                                                                                                                    
5                                   0.271  0.318  0.206  0.141                                                                                                                                             
6                                   0.071  0.206  0.529  0.153                                                                                                                                             
7                                          0.141  0.153  0.506  0.124                                                                                                                                      
8                                                        0.124  0.600  0.147  0.071                                                                                                                        
9                                                               0.147  0.506  0.253                                                                                                                        
10                                                              0.071  0.253  0.388  0.235                                                                                                                 
11                                                                            0.235  0.553  0.124                                                                                                          
12                                                                                   0.124  0.494  0.235  0.071                                                                                            
13                                                                                          0.235  0.306  0.312  0.082                                                                                     
14                                                                                          0.071  0.312  0.353  0.147  0.088                                                                              
15                                                                                                 0.082  0.147  0.376  0.176  0.094  0.071                                                                
16                                                                                                        0.088  0.176  0.329  0.247  0.082                                                                
17                                                                                                               0.094  0.247  0.329  0.135  0.065                                                         
18                                                                                                               0.071  0.082  0.135  0.235  0.176  0.100  0.094                                           
19                                                                                                                             0.065  0.176  0.271  0.218  0.082  0.071                                    
20                                                                                                                                    0.100  0.218  0.165  0.147  0.071  0.106  0.065                      
21                                                                                                                                    0.094  0.082  0.147  0.200  0.112  0.106  0.124  0.059               
22                                                                                                                                           0.071  0.071  0.112  0.200  0.118  0.141  0.088  0.118        
23                                                                                                                                                  0.106  0.106  0.118  0.188  0.076  0.176  0.094        
24                                                                                                                                                  0.065  0.124  0.141  0.076  0.153  0.176  0.112  0.100 
25                                                                                                                                                         0.059  0.088  0.176  0.176  0.212  0.171        
26                                                                                                                                                                0.118  0.094  0.112  0.171  0.353  0.088 
27                                                                                                                                                                              0.100         0.088  0.706 
Perron eigenvalue is   0.99286; state equilibration timescale is ~ 140.1 iterations
Reading energies...
Done.
Deconvoluting replicas...
Done.
number of uncorrelated samples:
[86 86 86 86 86 86 86 86 86 86 86 86 86 86 86 86 86 86 86 86 86 86 86 86 86
 86 86 86]

Computing free energy differences...
Computing covariance matrix...
Deltaf_ij:
   0.000   18.329   39.699   65.108   78.807   78.688   73.434   78.101   82.361   86.406   90.135   93.378   96.371   99.058  101.481  103.652  105.556  107.279  108.764  109.955  110.885  111.619  112.195  112.627  112.931  113.095  113.101  112.178 
 -18.329    0.000   21.369   46.779   60.477   60.359   55.105   59.772   64.032   68.077   71.806   75.048   78.042   80.729   83.152   85.323   87.227   88.950   90.435   91.626   92.556   93.290   93.866   94.298   94.602   94.766   94.772   93.848 
 -39.699  -21.369    0.000   25.410   39.108   38.990   33.735   38.403   42.662   46.707   50.437   53.679   56.672   59.360   61.783   63.954   65.858   67.581   69.065   70.257   71.186   71.921   72.497   72.929   73.233   73.396   73.403   72.479 
 -65.108  -46.779  -25.410    0.000   13.698   13.580    8.325   12.993   17.252   21.297   25.027   28.269   31.262   33.950   36.373   38.544   40.448   42.171   43.656   44.847   45.776   46.511   47.087   47.519   47.823   47.986   47.993   47.069 
 -78.807  -60.477  -39.108  -13.698    0.000   -0.118   -5.373   -0.705    3.554    7.599   11.328   14.571   17.564   20.252   22.675   24.845   26.749   28.473   29.957   31.149   32.078   32.813   33.388   33.821   34.125   34.288   34.294   33.371 
 -78.688  -60.359  -38.990  -13.580    0.118    0.000   -5.254   -0.587    3.673    7.718   11.447   14.689   17.683   20.370   22.793   24.964   26.868   28.591   30.076   31.267   32.197   32.931   33.507   33.939   34.243   34.407   34.413   33.489 
 -73.434  -55.105  -33.735   -8.325    5.373    5.254    0.000    4.667    8.927   12.972   16.701   19.944   22.937   25.624   28.047   30.218   32.122   33.845   35.330   36.522   37.451   38.185   38.761   39.193   39.498   39.661   39.667   38.744 
 -78.101  -59.772  -38.403  -12.993    0.705    0.587   -4.667    0.000    4.259    8.304   12.034   15.276   18.269   20.957   23.380   25.551   27.455   29.178   30.663   31.854   32.784   33.518   34.094   34.526   34.830   34.993   35.000   34.076 
 -82.361  -64.032  -42.662  -17.252   -3.554   -3.673   -8.927   -4.259    0.000    4.045    7.774   11.017   14.010   16.698   19.121   21.291   23.195   24.918   26.403   27.595   28.524   29.259   29.834   30.266   30.571   30.734   30.740   29.817 
 -86.406  -68.077  -46.707  -21.297   -7.599   -7.718  -12.972   -8.304   -4.045    0.000    3.729    6.972    9.965   12.653   15.076   17.246   19.150   20.873   22.358   23.550   24.479   25.214   25.789   26.221   26.526   26.689   26.695   25.772 
 -90.135  -71.806  -50.437  -25.027  -11.328  -11.447  -16.701  -12.034   -7.774   -3.729    0.000    3.242    6.236    8.923   11.346   13.517   15.421   17.144   18.629   19.820   20.750   21.484   22.060   22.492   22.796   22.960   22.966   22.042 
 -93.378  -75.048  -53.679  -28.269  -14.571  -14.689  -19.944  -15.276  -11.017   -6.972   -3.242    0.000    2.993    5.681    8.104   10.275   12.179   13.902   15.386   16.578   17.507   18.242   18.818   19.250   19.554   19.717   19.724   18.800 
 -96.371  -78.042  -56.672  -31.262  -17.564  -17.683  -22.937  -18.269  -14.010   -9.965   -6.236   -2.993    0.000    2.688    5.111    7.281    9.185   10.908   12.393   13.585   14.514   15.249   15.824   16.256   16.561   16.724   16.730   15.807 
 -99.058  -80.729  -59.360  -33.950  -20.252  -20.370  -25.624  -20.957  -16.698  -12.653   -8.923   -5.681   -2.688    0.000    2.423    4.594    6.498    8.221    9.706   10.897   11.827   12.561   13.137   13.569   13.873   14.036   14.043   13.119 
